147,4
147,3
147,2
147,1
147,0
0,278
146,4
146,3
146,2
0,9
146,1
146,0
145,52
145,51
145,50
145,49
145,48
145,47
145,46
145,45
145,44
145,43
145,42
145,41
145,40
145,39
145,38
145,37
145,36
145,35
3,2
3,1
3,3
10,202
10,268
10,270
10,216
10,118
10,112
10,238
10,72
10,2
10,3
9,7
141,3
9,4
141,2
141,1
9,1
141,0
9,6
140,4
140,3
8,8
140,2
140,1
8,12
140,0
8,10
139,4
8,13
139,3
8,17
139,2
139,1
8,18
139,0
138,4
138,3
138,2
138,1
138,0
73,3
73,2
73,1
70,3
70,1
56,3
56,1
55,4
55,1
54,4
54,3
54,1
53,3
53,1
20,3
20,2
20,1
19,2
19,3
19,1
12,3
12,2
12,1
11,28
11,27
11,25
11,24
11,22
11,19
11,18
11,17
11,16
11,15
11,14
11,13
11,12
11,9
11,8
11,7
11,6
11,5
11,3
11,2
11,1
10,306
10,298
10,267
10,264
10,241
10,228
